// ambient, diffuse, specular, reflect
box
0.5 0.5 0.5 1.0
1.0 1.0 1.0 1.0
0.4 0.4 0.4 16.0
0.0 0.0 0.0 0.0

room
0.5 0.5 0.5 1.0
1.0 1.0 1.0 1.0
0.4 0.4 0.4 16.0
0.0 0.0 0.0 0.0

sphere
0.6 0.8 0.9 1.0
0.6 0.8 0.9 1.0
0.9 0.9 0.9 16.0
0.0 0.0 0.0 0.0

cylinder
1.0 1.0 1.0 1.0
1.0 1.0 1.0 1.0
1.0 1.0 1.0 16.0
0.0 0.0 0.0 0.0

grid
0.8 0.8 0.8 1.0
0.8 0.8 0.8 1.0
0.8 0.8 0.8 16.0
0.0 0.0 0.0 0.0

land
0.5 0.5 0.5 1.0
1.0 1.0 1.0 1.0
0.2 0.2 0.2 16.0
0.0 0.0 0.0 0.0

skull
0.8 0.8 0.8 1.0
0.8 0.8 0.8 1.0
0.8 0.8 0.8 16.0
0.0 0.0 0.0 0.0

waves_cpu
0.5 0.5 0.5 1.0
1.0 1.0 1.0 0.5
0.8 0.8 0.8 32.0
0.0 0.0 0.0 0.0